{
 "cells": [
  {
   "cell_type": "code",
   "execution_count": 1,
   "id": "cfb91a51-f2e4-46c5-9b1c-8b0a67e46d0b",
   "metadata": {},
   "outputs": [
    {
     "name": "stdout",
     "output_type": "stream",
     "text": [
      "Generated Positive Definite Matrix (A):\n",
      "[[5.72221242 1.10331133 1.34854309 0.64505435]\n",
      " [1.10331133 4.9339201  0.97305603 0.47093196]\n",
      " [1.34854309 0.97305603 5.33347825 0.40990544]\n",
      " [0.64505435 0.47093196 0.40990544 4.36556528]]\n",
      "\n",
      "Cholesky Decomposition (L):\n",
      "[[2.39211463 0.         0.         0.        ]\n",
      " [0.46122845 2.17282959 0.         0.        ]\n",
      " [0.56374518 0.32816228 2.21539593 0.        ]\n",
      " [0.26965863 0.15949604 0.09278075 2.06368657]]\n",
      "\n",
      "Reconstructed Matrix from L * L.T:\n",
      "[[5.72221242 1.10331133 1.34854309 0.64505435]\n",
      " [1.10331133 4.9339201  0.97305603 0.47093196]\n",
      " [1.34854309 0.97305603 5.33347825 0.40990544]\n",
      " [0.64505435 0.47093196 0.40990544 4.36556528]]\n",
      "\n",
      "Inverse of L (L_inv):\n",
      "[[ 0.41804017  0.          0.          0.        ]\n",
      " [-0.08873775  0.46022937  0.          0.        ]\n",
      " [-0.09323288 -0.06817288  0.45138658  0.        ]\n",
      " [-0.04357474 -0.03250476 -0.02029377  0.48456971]]\n",
      "\n",
      "Product of L and L_inv (should be identity matrix):\n",
      "[[ 1.00000000e+00  0.00000000e+00  0.00000000e+00  0.00000000e+00]\n",
      " [ 8.21997274e-18  1.00000000e+00  0.00000000e+00  0.00000000e+00]\n",
      " [ 1.47685126e-17  1.44252633e-17  1.00000000e+00  0.00000000e+00]\n",
      " [ 1.53295517e-18 -5.30360616e-18  3.21068238e-18  1.00000000e+00]]\n"
     ]
    }
   ],
   "source": [
    "import numpy as np\n",
    "\n",
    "def generate_positive_definite_matrix(n):\n",
    "    \"\"\"Generates a random n x n positive definite matrix.\"\"\"\n",
    "    A = np.random.rand(n, n)\n",
    "    return np.dot(A, A.T) + n * np.eye(n)\n",
    "\n",
    "def cholesky_decomposition(A):\n",
    "    \"\"\"Performs the Cholesky decomposition of a positive definite matrix A.\"\"\"\n",
    "    L = np.linalg.cholesky(A)\n",
    "    return L\n",
    "\n",
    "def main():\n",
    "    n = 4  # Size of the matrix\n",
    "    A = generate_positive_definite_matrix(n)\n",
    "    print(\"Generated Positive Definite Matrix (A):\")\n",
    "    print(A)\n",
    "    \n",
    "    L = cholesky_decomposition(A)\n",
    "    print(\"\\nCholesky Decomposition (L):\")\n",
    "    print(L)\n",
    "    \n",
    "    LLT = np.dot(L, L.T)\n",
    "    print(\"\\nReconstructed Matrix from L * L.T:\")\n",
    "    print(LLT)\n",
    "    \n",
    "    # Inverse of L\n",
    "    L_inv = np.linalg.inv(L)\n",
    "    print(\"\\nInverse of L (L_inv):\")\n",
    "    print(L_inv)\n",
    "    \n",
    "    # Product of L and its inverse (should be the identity matrix)\n",
    "    identity_check = np.dot(L, L_inv)\n",
    "    print(\"\\nProduct of L and L_inv (should be identity matrix):\")\n",
    "    print(identity_check)\n",
    "\n",
    "if __name__ == \"__main__\":\n",
    "    main()\n"
   ]
  },
  {
   "cell_type": "code",
   "execution_count": 3,
   "id": "48057744-4cd0-4172-ae2c-d76958c1996e",
   "metadata": {},
   "outputs": [
    {
     "name": "stdout",
     "output_type": "stream",
     "text": [
      "L:\n",
      "[[ 5.  0.  0.]\n",
      " [ 3.  3.  0.]\n",
      " [-1.  1.  3.]]\n",
      "L @ L.T:\n",
      "[[25. 15. -5.]\n",
      " [15. 18.  0.]\n",
      " [-5.  0. 11.]]\n"
     ]
    }
   ],
   "source": [
    "\n",
    "import numpy as np\n",
    "\n",
    "def cholesky_decomposition(A):\n",
    "    \"\"\"\n",
    "    Perform Cholesky decomposition of a matrix A.\n",
    "    A must be a positive definite matrix.\n",
    "    \n",
    "    Parameters:\n",
    "    A (numpy.ndarray): The matrix to decompose.\n",
    "    \n",
    "    Returns:\n",
    "    L (numpy.ndarray): The lower triangular matrix such that A = L L^T.\n",
    "    \"\"\"\n",
    "    # Check if A is a square matrix\n",
    "    if not (A.shape[0] == A.shape[1]):\n",
    "        raise ValueError(\"Matrix must be square\")\n",
    "    \n",
    "    # Check if A is symmetric\n",
    "    if not np.allclose(A, A.T):\n",
    "        raise ValueError(\"Matrix must be symmetric\")\n",
    "    \n",
    "    n = A.shape[0]\n",
    "    L = np.zeros_like(A)\n",
    "\n",
    "    for i in range(n):\n",
    "        for j in range(i + 1):\n",
    "            if i == j:  # Diagonal elements\n",
    "                sum_k = sum(L[i][k] ** 2 for k in range(j))\n",
    "                diff = A[i][i] - sum_k\n",
    "                if diff <= 0:\n",
    "                    raise ValueError(\"Matrix is not positive definite\")\n",
    "                L[i][j] = np.sqrt(diff)\n",
    "            else:\n",
    "                sum_k = sum(L[i][k] * L[j][k] for k in range(j))\n",
    "                L[i][j] = (A[i][j] - sum_k) / L[j][j]\n",
    "                \n",
    "    return L\n",
    "\n",
    "# Example usage\n",
    "A = np.array([[25, 15, -5],\n",
    "              [15, 18,  0],\n",
    "              [-5,  0, 11]], dtype=float)\n",
    "\n",
    "try:\n",
    "    L = cholesky_decomposition(A)\n",
    "    print(\"L:\")\n",
    "    print(L)\n",
    "    print(\"L @ L.T:\")\n",
    "    print(np.dot(L, L.T))  # This should be equal to the original matrix A\n",
    "except ValueError as e:\n",
    "    print(e)"
   ]
  },
  {
   "cell_type": "code",
   "execution_count": null,
   "id": "66a544bf-c76a-4c2e-a85d-e150ce19d8cf",
   "metadata": {},
   "outputs": [],
   "source": []
  }
 ],
 "metadata": {
  "kernelspec": {
   "display_name": "Python 3 (ipykernel)",
   "language": "python",
   "name": "python3"
  },
  "language_info": {
   "codemirror_mode": {
    "name": "ipython",
    "version": 3
   },
   "file_extension": ".py",
   "mimetype": "text/x-python",
   "name": "python",
   "nbconvert_exporter": "python",
   "pygments_lexer": "ipython3",
   "version": "3.11.0"
  }
 },
 "nbformat": 4,
 "nbformat_minor": 5
}
